341
462
3762
27
1710
927
2492
1344
2123
1452
1596
238
1107
340
1158
984
1066
944
1836
2040
2064
1820
150
1584
2256
336
476
1840
344
1540
1778
1705
1926
2295
788
1116
2499
1022
250
1349
182
552
504
2656
294
3572
37
70
1781
195
215
1856
432
1776
268
1320
190
259
2685
1127
430
1136
944
880
1368
330
1020
309
3546
62
2128
2176
1629
1440
340
140
2275
665
240
1360
2457
408
836
1008
1488
96
1800
52
429
927
660
755
1305
144
186
2120
2196
520
156
1411
486
260
3781
182
91
2758
651
16
945
74
1500
1785
287
3281
950
98
786
1480
146
504
1152
10
2660
2595
2320
1040
581
152
1584
2184
231
495
300
216
14
931
3230
332
805
324
274
2850
1280
65
768
2758
900
428
486
645
1419
1896
1440
501
72
660
210
1485
522
2
1020
182
426
405
1305
285
855
2320
440
456
2475
1920
300
13
1320
322
302
1629
585
276
448
576
724
468
1520
231
1422
1957
1666
576
473
770
2484
1680
1980
3380
480
1560
1312
1036
3880
247
126
2101
156
1320
276
2660
220
390
1176
252
1539
918
2703
1280
904
2754
620
1488
2167
2635
285
940
2448
1074
1530
284
1056
3580
30
1764
2975
1012
855
1710
76
1040
522
888
660
740
2352
402
3128
2934
1001
2900
1176
357
427
798
518
1118
306
168
1080
465
168
1674
3384
295
340
582
540
2502
1404
240
1704
1782
357
1628
165
1136
530
106
3162
63
1026
782
621
477
183
1736
4000
364
292
1520
388
344
1022
256
1610
825
1040
2316
2516
245
828
312